5 5 18
5 5 18
5 5 18
5 5 18
5 5 18
5 5 18
5 5 18
5 5 18
5 5 18
5 5 18
5 5 18
5 5.00039 18.0001
5 5.00034 18.0001
5 5.00034 18.0001
5 5.00034 18.0001
5 5.00034 18.0001
5 5.00034 18.0001
5 5.00033 18.0001
5 5.00033 18.0001
5 5.00033 18.0001
5 5.00033 18.0001
5 5.00033 18.0001
5 5.00033 18.0001
5 5.00033 18.0001
5 5.00033 18.0001
5 5.00033 18.0001
5 5.00033 18.0001
5 5.00033 18.0001
5 5.00032 18.0001
5 5.00032 18.0001
5 5.00032 18.0001
5 5.00032 18.0001
5 5.00032 18.0001
5 5.00032 18.0001
5 5.00032 18.0001
5 5.00032 18.0001
5 5.00032 18.0001
5 5.00032 18.0001
5 5.00032 18.0001
5 5.00032 18.0001
5 5.00031 18.0001
5 5.00031 18.0001
5 5.00031 18.0001
5 5.00031 18.0001
5 5.00031 18.0001
5 5.00031 18.0001
5 5.00031 18.0001
5 5.00031 18.0001
5 5.00031 18.0001
5 5.00031 18.0001
5 5.00031 18.0001
5 5.00031 18.0001
5 5.0003 18.0001
5 5.0003 18.0001
5 5.0003 18.0001
5 5.0003 18.0001
5 5.0003 18.0001
5 5.0003 18.0001
5 5.0003 18.0001
5 5.0003 18.0001
5 5.0003 18.0001
5 5.0003 18.0001
5 5.0003 18.0001
5 5.0003 18.0001
5 5.00029 18.0001
5 5.00068 18
5 5.00105 18.0001
5 5.00141 18.0002
5 5.00135 18.0002
5 5.00177 18.0001
5 5.00171 18.0001
5 5.0017 18.0001
5 5.0017 18.0001
5 5.00169 18.0001
5 5.00169 18.0001
5 5.00168 18.0001
